
Matriz 1
3 2 6 4 3 6 0 7 7 8 2 0 3 1 4 3 3 9 8 8 8 1 6 8 0 1 3 2 2 7 7 8 8 3 5 1 0 7 6 2 
3 3 8 7 4 9 7 3 7 7 1 9 4 0 1 2 8 4 5 9 9 1 6 8 3 6 8 8 3 7 1 2 7 1 3 1 9 2 1 2 
8 1 8 0 9 8 9 5 2 8 8 9 6 6 4 4 2 2 8 4 2 0 6 0 5 3 3 5 7 1 5 7 4 9 4 9 9 4 9 3 
8 3 4 2 2 5 0 8 6 8 4 2 2 8 4 0 1 5 2 8 5 6 0 2 4 8 0 1 9 6 4 5 2 4 2 2 6 4 7 4 
1 4 5 8 9 0 4 3 0 4 0 3 1 7 0 4 8 6 7 0 2 4 9 7 6 5 1 8 8 3 1 3 9 5 6 5 7 1 8 8 
3 3 4 8 1 4 2 4 9 0 5 7 6 4 0 0 0 9 9 1 3 7 5 9 1 1 6 4 2 0 4 7 8 2 5 4 1 4 3 3 
6 5 6 8 3 2 2 5 7 5 4 1 3 5 4 4 3 6 3 1 6 7 4 5 3 6 0 3 8 1 1 4 9 8 6 4 7 6 7 7 
2 7 4 9 3 6 0 3 2 8 2 6 5 3 6 2 7 7 5 5 1 7 5 7 3 9 8 9 1 0 6 1 6 4 7 6 4 6 7 0 
9 9 8 6 2 9 1 3 1 3 0 1 6 7 3 5 0 3 5 2 8 0 6 9 3 9 3 4 1 2 3 1 5 6 8 2 3 8 9 8 
9 0 1 3 7 0 6 8 0 6 4 7 4 9 5 8 5 9 4 0 2 6 6 3 0 9 0 6 6 0 2 9 9 6 5 8 2 9 3 7 
3 2 6 2 5 9 3 7 0 9 3 8 7 5 1 6 2 2 8 6 6 2 5 7 8 5 7 0 2 7 0 2 1 5 8 6 6 8 0 9 
5 3 8 9 9 6 9 5 2 5 2 0 9 2 8 2 6 8 9 6 5 3 2 8 2 0 6 5 2 0 1 6 0 5 2 4 6 6 7 9 
2 5 1 7 3 7 1 6 9 6 5 3 8 5 9 8 4 0 9 4 4 2 8 2 4 2 0 3 0 8 7 0 3 1 0 0 9 5 3 6 
9 8 9 0 4 0 0 5 5 9 5 5 3 4 1 7 4 1 0 4 5 8 6 0 3 2 2 5 9 6 3 2 9 2 9 6 0 1 1 2 
4 4 3 6 4 6 5 6 6 6 4 2 2 6 9 1 7 6 0 5 4 3 4 6 9 8 1 3 7 1 2 4 3 1 4 1 0 9 7 7 
5 3 9 2 7 7 9 2 3 9 1 7 6 1 7 1 0 2 4 0 1 5 3 6 2 8 5 0 7 6 5 0 3 7 9 2 9 4 5 2 
7 6 8 7 9 3 2 2 8 6 2 2 9 7 9 6 1 3 8 9 6 6 8 8 3 6 3 9 6 9 7 6 0 3 3 0 5 2 0 2 
6 0 8 6 0 2 5 9 3 5 4 0 5 6 6 0 9 5 5 2 9 5 7 9 8 2 2 7 9 5 5 8 2 4 5 5 7 0 9 0 
5 4 8 9 8 5 5 2 9 7 9 2 7 5 3 7 9 0 7 7 7 4 6 2 7 3 6 4 9 3 7 4 7 7 7 2 7 1 5 2 
7 0 4 1 8 7 0 5 8 3 8 4 6 4 2 5 5 6 4 4 6 0 5 9 1 4 3 1 5 3 4 8 8 1 5 6 1 4 6 3 
1 0 8 5 9 4 1 8 0 3 9 1 0 9 4 7 3 1 2 7 7 8 5 9 7 5 7 0 8 9 4 7 7 3 7 1 6 4 7 1 
9 6 6 6 5 9 3 1 7 2 9 0 7 8 1 3 9 9 7 5 5 5 3 3 3 7 2 9 6 0 1 0 7 0 9 9 2 4 5 0 
6 2 8 2 2 4 8 6 8 1 6 3 7 5 9 2 6 7 9 2 4 7 6 9 4 4 3 0 9 5 5 7 6 7 7 2 9 5 7 1 
9 3 7 5 2 9 3 1 4 7 3 5 3 1 9 3 0 5 3 5 5 7 3 0 2 2 1 1 2 6 4 4 7 3 4 9 8 2 8 3 
1 7 7 8 0 3 5 1 9 6 7 7 5 9 3 3 2 3 8 8 0 4 2 0 6 9 4 3 9 4 8 2 9 9 9 7 2 6 3 7 
5 7 6 3 4 9 5 5 9 6 4 1 1 4 6 6 0 5 5 4 5 6 0 9 7 4 2 4 5 9 3 7 3 4 4 2 7 4 1 0 
2 6 2 1 2 1 9 2 5 5 6 4 9 2 6 2 9 7 2 8 2 1 3 8 0 2 4 3 7 7 0 5 3 2 3 1 4 2 7 2 
8 8 3 2 1 7 3 2 7 3 7 1 2 3 7 2 1 4 6 8 5 1 8 7 2 0 1 5 6 6 7 3 0 7 3 7 1 2 4 6 
6 8 0 6 5 3 2 3 4 3 7 0 9 9 6 4 5 2 0 4 2 0 6 3 7 9 9 5 4 5 3 5 5 7 8 3 1 1 3 1 
2 8 3 1 0 2 1 3 6 5 5 1 7 8 8 5 2 4 1 7 6 7 8 7 3 5 6 9 0 7 8 8 0 8 0 5 8 0 4 5 
4 8 8 7 6 8 0 8 1 4 8 3 3 7 3 7 6 0 3 4 4 7 0 9 7 8 6 4 7 0 5 0 4 7 9 9 7 2 7 5 
6 0 5 5 7 7 4 5 1 9 9 9 9 8 5 4 6 8 1 1 3 3 8 9 5 6 0 5 1 8 8 3 9 2 9 0 2 2 6 5 
0 1 1 2 1 4 5 8 1 8 4 5 6 2 2 9 1 7 7 1 4 2 6 5 0 0 3 4 6 5 6 3 7 4 4 6 4 7 8 9 
9 7 6 6 8 3 0 4 1 3 8 4 8 4 0 0 5 7 1 6 9 8 8 7 5 7 3 0 6 2 2 8 2 2 1 7 8 2 2 7 
3 5 9 9 3 5 6 6 1 6 6 7 3 4 9 7 9 0 9 5 6 3 6 5 9 4 8 4 3 2 2 9 2 1 3 8 7 4 2 5 
2 9 3 4 5 1 6 1 3 5 1 6 9 6 1 5 3 6 1 5 9 7 0 9 5 3 2 9 4 4 9 9 8 3 7 6 9 5 6 6 
1 0 2 7 5 2 5 1 0 2 5 8 8 9 2 8 8 0 8 7 1 2 4 9 0 5 5 4 1 0 0 8 6 9 6 1 1 6 1 3 
2 8 6 4 8 2 4 9 0 0 0 9 8 8 5 2 4 0 8 7 1 7 1 1 9 2 4 3 1 4 7 0 9 3 7 6 3 9 4 2 
3 0 0 5 9 1 8 2 4 9 2 2 4 6 5 7 5 1 2 8 8 3 5 8 7 4 8 0 2 3 7 0 1 9 9 0 2 8 4 0 
7 4 4 1 4 6 9 7 1 1 7 1 8 9 7 6 7 3 8 7 2 8 3 6 4 8 0 4 9 5 5 1 6 5 1 1 1 9 8 2 

Matriz 2
3 9 0 7 3 8 8 7 0 7 3 7 7 8 0 0 5 1 5 3 6 1 0 3 8 4 3 9 5 6 2 0 8 8 2 4 4 7 5 7 
5 8 7 0 5 1 7 7 7 3 0 1 6 3 3 6 5 7 2 9 8 8 6 3 5 4 7 4 8 4 9 2 9 2 0 2 4 7 0 4 
1 6 9 2 8 3 1 6 8 5 2 9 1 7 1 4 7 0 2 7 3 4 7 8 1 4 4 1 4 3 5 7 9 2 4 8 2 5 5 7 
8 1 8 1 3 9 4 4 8 2 8 3 7 1 3 2 3 5 9 6 3 5 6 6 2 8 0 2 1 3 8 7 2 6 3 7 0 6 8 3 
4 3 7 4 6 5 7 6 7 4 9 9 9 0 2 3 8 3 6 6 0 9 7 9 2 9 8 2 7 0 9 0 9 6 5 0 9 7 9 4 
6 4 3 4 3 2 7 1 0 7 5 5 1 6 4 3 6 5 7 2 6 5 1 4 1 9 1 4 0 2 2 5 6 0 3 8 1 7 5 6 
5 4 1 8 0 8 9 3 9 2 9 6 7 6 8 0 2 1 6 7 5 0 4 3 0 7 9 3 0 2 7 6 0 5 1 4 3 1 2 0 
5 4 3 2 2 6 2 1 1 0 2 9 2 2 2 1 2 1 9 0 3 3 2 9 5 7 7 5 4 8 4 3 8 3 1 1 5 1 3 2 
1 9 8 1 6 8 2 7 9 0 9 6 8 3 9 4 6 0 0 9 3 9 3 7 2 5 1 9 3 6 9 5 6 2 8 7 4 9 7 2 
8 2 4 4 7 2 3 2 4 0 0 7 8 4 7 5 8 6 5 4 3 9 4 8 9 6 8 4 5 2 9 8 0 4 7 8 6 8 2 3 
8 5 8 5 2 7 8 3 4 8 9 7 7 0 4 6 8 9 4 3 5 2 2 5 6 3 3 4 5 3 3 4 4 1 1 6 8 1 7 8 
4 2 3 0 6 1 8 2 1 2 1 1 1 2 1 4 6 4 7 0 4 6 9 6 3 4 1 6 0 0 4 9 5 2 2 0 8 1 7 9 
0 9 3 5 7 6 4 4 1 3 0 4 2 7 4 1 6 7 7 4 2 8 0 7 8 9 8 1 0 9 7 1 3 4 5 7 2 7 9 7 
1 9 4 9 1 1 2 5 8 6 9 5 2 8 1 0 6 3 4 6 4 5 5 4 1 8 7 5 0 2 3 7 5 9 6 4 6 8 3 6 
4 8 2 4 2 7 0 5 8 5 4 6 5 5 1 5 8 1 2 6 2 1 1 0 5 5 2 4 9 8 3 0 0 5 6 8 4 7 8 8 
7 6 8 9 4 2 3 2 3 9 0 4 9 3 0 4 6 1 5 3 8 2 7 9 5 4 6 1 3 6 7 5 2 9 9 2 8 3 2 0 
0 4 6 5 3 6 3 7 1 7 9 2 6 4 9 8 2 2 2 9 3 8 0 6 4 5 8 2 6 7 7 9 1 8 2 1 8 4 0 3 
8 2 2 5 5 8 0 5 2 9 5 2 4 5 0 3 3 7 1 5 7 4 6 3 4 5 4 9 5 5 7 6 3 9 8 6 2 7 9 9 
2 9 3 7 6 6 3 8 8 6 4 6 2 8 5 0 4 8 1 6 2 4 6 7 2 6 5 5 0 4 3 9 4 4 4 6 6 5 5 2 
7 6 6 3 7 6 1 9 4 7 8 7 5 1 8 0 7 9 9 2 1 8 7 5 5 2 8 9 6 8 0 2 6 4 8 4 9 6 4 8 
8 4 1 4 0 4 2 9 1 7 1 1 8 9 5 5 9 3 6 2 1 8 6 7 4 7 8 0 9 2 6 9 8 9 2 4 1 3 5 7 
8 6 6 5 5 0 7 2 4 4 5 5 6 6 1 0 1 8 7 3 4 0 8 1 7 2 0 1 9 8 5 2 1 4 5 4 6 7 9 0 
8 9 3 4 2 3 7 5 8 9 1 8 0 2 6 6 6 6 9 4 7 4 5 4 2 0 9 1 7 1 8 1 6 8 2 1 1 5 6 1 
5 4 5 6 3 8 8 9 1 2 1 4 3 0 2 0 8 7 2 7 5 8 9 0 9 5 9 4 2 2 9 6 1 2 1 1 7 1 2 0 
7 4 8 9 4 4 8 4 6 5 6 5 1 3 4 6 0 9 3 8 2 5 7 1 6 5 8 9 4 4 7 0 5 9 0 9 4 4 6 1 
6 1 0 5 7 2 4 6 4 0 5 8 8 5 2 3 3 7 8 1 6 2 1 1 7 4 5 4 9 4 7 5 4 0 9 2 0 7 5 0 
4 7 1 7 2 5 1 4 7 0 9 3 8 2 2 0 1 1 8 4 2 4 3 0 5 8 6 5 7 5 2 9 3 7 0 8 4 9 2 0 
4 4 4 0 9 1 2 6 6 3 6 3 3 0 5 7 0 6 6 8 5 1 6 5 3 1 1 6 0 4 8 8 7 7 5 1 8 9 1 7 
7 0 5 7 2 2 6 4 0 7 0 8 2 5 6 2 3 7 8 6 9 6 5 0 6 5 0 0 5 0 0 0 9 5 2 2 6 9 4 3 
1 1 3 9 9 3 7 8 1 6 1 8 2 2 9 0 5 7 7 1 9 9 0 6 5 8 6 5 7 8 5 1 2 1 7 8 2 8 7 8 
2 0 7 8 5 5 6 2 8 3 1 6 3 7 4 7 6 6 7 0 2 6 7 3 5 5 2 1 1 2 8 1 2 7 3 6 8 9 1 5 
3 4 4 5 6 2 9 0 4 3 9 8 3 7 3 3 4 4 5 8 8 9 0 1 9 6 7 9 3 8 2 6 1 0 3 2 5 2 1 3 
4 0 6 4 2 9 8 6 0 0 8 8 9 4 7 5 0 5 9 0 6 9 0 7 3 6 5 1 6 8 4 7 3 4 8 8 8 0 4 1 
9 5 2 2 4 4 8 7 0 6 0 4 4 9 4 0 7 2 3 2 9 0 4 9 1 5 2 1 6 8 2 8 5 5 8 0 8 6 0 9 
5 6 7 5 2 6 4 0 8 4 5 6 9 6 2 4 2 8 2 5 0 2 9 8 1 7 1 4 8 4 9 1 1 3 6 9 1 5 9 1 
0 0 5 6 6 8 2 0 3 7 6 0 0 2 1 3 4 9 0 7 8 7 0 4 4 7 1 2 5 5 1 4 5 9 9 8 5 2 6 1 
1 3 0 6 3 6 3 3 4 9 1 7 5 4 5 5 8 0 8 6 1 6 3 6 4 7 5 3 3 3 8 8 8 5 8 0 5 7 8 1 
0 9 5 7 6 1 0 3 0 9 3 1 7 9 3 9 1 0 5 6 1 8 9 3 1 2 3 4 4 8 6 3 0 9 2 1 5 6 2 6 
4 9 3 3 9 9 3 9 8 1 7 8 3 1 8 0 7 5 7 4 1 8 7 1 9 2 7 2 8 8 2 2 2 6 9 9 5 7 6 2 
5 7 6 6 7 3 7 3 6 2 1 0 9 2 0 4 2 1 5 5 6 3 6 6 7 2 9 0 3 6 1 2 6 6 3 3 0 6 7 2 

Resultado 2
772 838 771 799 807 872 712 868 697 758 715 957 822 760 729 548 852 795 882 736 697 1031 777 846 773 898 884 700 787 865 908 790 666 811 801 852 795 932 788 724 
838 829 777 824 849 901 842 961 770 800 823 979 918 725 843 617 896 822 1065 859 749 1067 831 937 770 1024 968 749 783 788 1068 1027 853 861 807 828 849 1017 892 739 
874 996 839 1001 936 971 1001 873 892 973 885 1164 884 912 787 636 1043 892 1079 928 868 1028 869 1013 864 1096 987 765 818 877 964 934 952 1019 943 907 1047 1090 979 855 
749 771 667 793 766 725 713 778 629 725 664 950 760 742 635 455 809 752 892 683 696 873 683 710 813 838 763 690 782 792 751 651 760 750 794 743 752 985 803 702 
827 794 827 863 812 854 874 876 832 793 789 947 846 675 694 584 755 855 946 914 800 938 881 865 759 912 939 570 798 754 1001 849 801 979 837 723 856 963 872 561 
692 794 727 696 694 815 744 714 700 630 752 770 720 669 544 456 674 772 781 742 671 836 755 706 670 827 678 652 594 730 836 795 633 732 654 753 717 808 815 589 
874 895 834 844 802 900 845 872 763 817 758 971 963 825 674 596 841 794 945 873 818 934 838 879 822 928 836 628 884 893 967 828 815 931 891 811 824 1013 924 673 
859 884 829 810 894 891 771 872 843 768 842 918 907 745 685 650 825 948 989 871 737 971 894 820 837 953 833 712 869 879 1068 916 715 942 882 886 899 1093 888 707 
812 998 755 852 819 828 812 918 774 800 646 896 889 845 590 564 875 784 933 810 761 914 874 838 791 923 925 622 816 833 964 789 818 909 800 829 701 1024 839 706 
865 894 783 970 837 872 904 783 724 882 843 991 977 878 591 625 807 823 1011 848 915 902 818 908 862 964 919 708 844 928 960 871 758 1047 923 717 956 966 904 731 
838 929 795 977 851 793 858 799 723 881 672 926 869 812 641 568 893 857 982 805 756 986 888 965 808 1043 1009 704 784 830 955 867 811 912 789 843 814 978 930 718 
828 1020 805 898 878 1003 804 926 884 861 866 951 934 819 689 545 925 774 949 1003 718 979 877 899 843 1044 1022 706 776 922 984 898 792 996 807 860 851 1060 946 770 
697 910 764 821 772 789 728 801 787 795 627 895 800 687 714 606 880 714 913 751 654 922 711 882 724 892 857 613 665 808 959 716 710 829 774 777 768 986 864 680 
754 764 824 757 741 685 786 729 656 733 618 912 829 688 615 568 741 794 850 713 767 856 725 850 746 806 740 578 846 748 864 649 789 806 746 766 817 896 778 641 
831 878 800 842 763 827 774 826 770 751 826 913 879 727 673 621 771 780 898 874 706 921 807 704 811 868 889 714 824 824 924 693 700 893 726 802 763 981 843 676 
759 800 683 850 785 806 848 767 766 714 620 1003 842 800 651 498 875 742 925 755 697 848 795 805 739 974 789 581 794 723 960 744 713 746 805 820 756 1014 902 654 
902 1059 919 981 984 902 913 1055 977 943 809 1156 957 874 781 616 1069 958 1082 987 852 1081 946 963 926 1076 1014 817 887 916 1161 849 930 979 933 890 959 1267 1018 881 
856 909 809 954 811 983 865 938 835 891 829 1090 783 845 804 589 914 906 992 963 800 998 820 831 921 1020 973 727 863 894 1010 882 821 1003 807 901 883 1036 909 732 
994 1053 1055 1043 925 1065 1022 1042 1009 990 1001 1217 1107 922 940 720 1064 985 1155 1033 858 1156 956 1104 916 1174 1047 758 961 957 1170 995 970 1084 961 1028 1074 1226 1040 823 
731 836 790 849 768 902 819 819 654 789 810 959 840 709 656 551 878 801 875 769 745 1019 709 828 813 936 871 687 766 803 872 755 752 824 791 799 850 877 863 689 
926 880 917 1025 800 883 916 905 820 899 892 1171 935 766 728 560 944 911 1111 818 777 1037 916 872 887 1045 1000 681 971 879 967 814 815 922 849 882 962 1010 952 694 
819 957 893 898 840 972 804 926 820 939 986 968 943 825 727 638 839 984 906 964 802 974 807 897 781 1009 827 756 843 862 1018 869 873 992 896 950 879 1081 977 770 
881 1072 871 1060 867 1075 981 1001 897 981 890 1195 942 993 832 610 1006 912 1033 998 879 1048 897 911 917 1109 990 789 935 1012 1075 917 843 981 927 958 972 1121 1049 800 
738 784 696 781 786 846 760 742 703 791 692 909 785 746 627 514 858 760 878 710 718 871 671 775 760 887 706 631 799 822 796 709 708 804 868 904 735 938 922 713 
908 957 1003 975 952 936 939 913 962 854 910 1049 999 913 803 659 886 1017 1031 926 900 1036 947 978 819 1051 862 759 864 945 1012 923 852 960 985 1019 964 1166 974 807 
821 852 809 897 805 817 858 849 755 826 747 1005 860 789 696 547 888 819 876 875 809 953 797 812 804 994 845 785 790 832 993 797 779 787 810 841 840 1012 852 708 
666 778 645 741 708 810 713 807 636 686 699 825 748 593 724 454 770 734 793 780 681 889 634 667 761 810 864 627 706 774 818 691 582 707 691 690 763 841 727 652 
771 871 735 782 747 809 796 839 733 832 634 844 715 689 659 514 873 818 779 783 795 841 726 728 740 801 772 662 736 756 789 640 771 810 711 767 773 954 761 752 
791 878 755 849 721 821 822 819 782 731 827 925 873 704 650 539 782 843 913 809 767 870 657 761 786 953 872 691 835 834 924 699 724 856 761 817 783 1006 798 677 
819 947 757 866 866 787 813 886 842 829 712 926 811 749 691 578 948 853 942 852 836 930 769 785 898 898 944 712 839 913 968 819 776 900 872 777 875 1088 815 764 
952 945 985 971 879 951 940 906 870 897 862 1050 991 808 671 641 963 979 1047 939 845 1001 964 955 925 1093 934 674 950 902 1046 907 944 996 901 924 997 1103 963 710 
926 917 905 995 903 977 1025 909 833 866 849 1121 957 812 750 680 986 988 1099 823 843 1056 899 991 928 1079 1034 748 851 882 1157 867 766 964 904 963 940 1060 1053 862 
764 781 714 856 771 797 754 697 652 754 580 835 783 692 642 541 765 761 914 688 759 884 783 841 768 856 852 531 674 802 842 768 636 882 787 755 802 861 785 614 
873 872 804 883 817 861 927 869 713 906 765 951 872 764 615 582 924 913 1005 866 818 1017 795 814 932 959 978 686 895 814 952 774 920 922 748 740 813 987 981 738 
890 995 924 997 873 945 908 883 950 939 920 1027 937 832 735 704 946 891 1039 1032 827 1041 889 932 899 1086 1047 776 863 913 1040 1010 849 1029 795 924 947 1020 942 732 
856 901 912 973 946 918 966 917 851 851 822 960 997 862 757 681 924 969 1057 968 839 1149 986 916 953 1064 1023 731 850 937 1148 925 826 1028 927 861 990 1089 935 764 
702 827 717 777 683 733 773 746 651 711 770 790 802 695 577 456 739 714 843 737 669 809 749 806 653 850 835 580 595 763 814 862 557 774 708 591 857 764 680 621 
668 888 847 852 814 805 790 789 796 744 781 899 789 774 624 566 726 832 946 777 620 943 873 870 688 961 855 651 755 876 917 716 759 913 749 817 908 930 865 697 
836 862 750 907 681 825 760 831 780 759 750 895 948 755 695 523 856 738 907 757 583 889 886 819 716 933 927 620 817 758 996 747 598 954 752 757 856 960 764 629 
846 1018 830 1029 850 903 910 972 769 928 849 1088 898 900 772 557 880 906 1051 855 839 934 847 829 872 973 973 695 850 975 937 769 783 970 853 831 985 1065 879 790